[-60.58877836516114, -60.75893752060469, -181.88737376514348, -60.156784573109206, -59.80078997009891, -60.6001847805195, -181.88737376514348, -60.608899958203615, -56.333558420787675, -60.43514713836704, -60.448058440029754, -60.6001847805195, -60.55345656839666, -905754.5635772484, -60.72149303898787, -8483.436950683168, -86.56456713050875, -60.156784573109206, -74.98278116410836, -57.51060521684065, -51.18118604808689, -58.84612544686482, -58.537921090635216, -59.872255797522804, -289.1344731915321, -59.50355458365103, -62.77175072803286, -1021.2784879064086, -62.1974664730076, -60.19924728959987, -60.542897627284056, -294.5903885739171, -58.39467471439931, -56.47850604541522, -59.73037148466341, -60.6001847805195, -141.04385397451682, -152.8498188160165, -60.63004649664077, -59.82868932038243, -59.852547722070646, -59.87857983361685, -80.92504783926215, -313.68891996587206, -432.34737456874325, -64.06827989333026, -60.44417804301654, -65.72076766069182, -62.37369259390702, -97.79661675837028, -60.78782085292427, -40.90249954674661, -60.56608186808619, -59.2121882989683, -84.84610897865831, -59.863154165683866, -60.639612893104434, -60.462868634440035, -53.265277201025064, -60.44417804301654, -430.66090177790954, -52.2943569031365, -59.257551300638774, -60.63004649664077, -135.25852067042828, -59.92690513687564, -60.6001847805195, -81.37784765110842, -106.48366419855151, -38835.08814950097, -59.649839947890825, -60.45974646037198, -64.15982488323841, -60.621592678119676, -449.144193026465, -59.153079960124394, -408.07315850628794, -60.04945492457252, -409.14616316136244, -60.60871086319655, -396.3547965301478, -52.48715999798725, -59.9556717355301, -60.6001847805195, -651.4900729864897, -80.79813010688139, -56.766215303767105, -66.99384801672446, -174.98902758242457, -60.71010356188861, -45.047362222195005, -59.88279154239967, -58.415168467523095, -32.52373050439447, -56.43199753660549, -60.58628908528604, -60.53618133648406, -60.65475015497707, -60.71181490061618, -60.63561503850882]
-59.58823600932144
-59.91787313295809
-60.36969025522499
-58.98708198445882
-57.98569009067097
-59.31753031957913
-57.07272288278028
-32.28483620804334
-57.78339134351261
-60.199470826036254
-61.42665178841197
-59.28725058167526
-60.01200736426564
-59.794901729212896
-63.4815584074317
-59.96162636261155
-57.615490822695534
-57.62500882275963
-59.584066074472055
-60.16591556174008
-55.75791701507607
-86.56750921180652
-60.80561250913458
-59.95163423907533
-58.0269872009812
-59.153079960124394
-52.677328582516914
-59.755165292891775
-59.14769550831316
-60.43514713836704
-56.245823019320426
-59.840788703867254
-54.85702790617201
-59.43518899618619
-59.208747799425275
-60.60871537626299
-32.52373050439447
-60.43514713836704
-61.44651925303545
-54.54044663664844
-60.6001847805195
-61.456557013342064
-60.018058556099696
-60.6001847805195
-60.52820229203027
-60.08121796232109
-59.901567784072505
-58.344502791781885
-65.85806560119428
-59.50355458365103
-59.58823600932144
-53.265277201025064
-59.929318778760646
-59.92690513687564
-60.01200736426564
-58.05509367673
-61.050954043622596
-60.156784573109206
-59.75725172798391
-64.31293595737856
-60.6001847805195
-59.72508905666308
-59.863154165683866
-62.75027152344297
-59.87031014711463
-58.537921090635216
-58.42025458980559
-60.63028351044396
-49.750512710263116
-58.46105916091652
-59.153079960124394
-57.98377650413045
-57.91830448233346
-57.51060521684065
-40.90249954674661
-32.52373050439447
-49.93231663381875
-54.19150227317656
-58.43522530702654
-59.930712189862405
-60.54796342427336
-56.3522799896948
-60.53836401488783
-60.35700895898834
-62.09418495170941
-56.11128998592103
-41.15160352481299
-61.77168918294114
-58.49994285368318
-141.98080438800648
-62.50922582637094
-60.96706127065786
-56.176848922435795
-59.860814547716515
-59.55534641121738
-59.670061007480655
-55.577700567147524
-59.89344739662625
-60.6001847805195
-66.2684228936559
